x<-2+3
x<-c(1,2,3)
